window grid done (94s, 30)
phase surface done (434s, 135)
cadence grid done (609s, 186)

===== windows (30) =====
                config  sharpe_1x  sharpe_2x  vol_1x  dd_1x  dd_2x  turnover  gross_edge  trades     F1     F2    F3     F4  worst  median_fold  npos  long_gross  short_gross
a126|v189|p1.0|c21|ph4      0.396      0.290   0.120  0.167  0.170    16.821      35.662    5533  0.101  0.684 0.546 -0.051 -0.051        0.324     3       0.505       -0.268
a126|v252|p1.0|c21|ph4      0.234      0.131   0.119  0.180  0.184    16.239      24.623    5222 -0.226  0.838 0.527 -0.413 -0.413        0.151     2       0.466       -0.308
a126|v315|p1.0|c21|ph4      0.617      0.514   0.119  0.193  0.200    16.321      52.425    5249  1.349  0.798 0.841 -0.830 -0.830        0.819     3       0.443       -0.104
a126|v378|p1.0|c21|ph4      0.509      0.410   0.119  0.179  0.187    15.743      46.047    4757  0.794  0.750 0.820 -0.587 -0.587        0.772     3       0.506       -0.219
a126|v441|p1.0|c21|ph4      0.124      0.025   0.115  0.199  0.206    15.239      17.189    4803 -0.139  0.610 0.755 -0.880 -0.880        0.236     2       0.263       -0.159
a126|v504|p1.0|c21|ph4     -0.065     -0.163   0.117  0.219  0.225    15.135       2.469    5007 -0.477  0.578 0.564 -1.070 -1.070        0.044     2       0.308       -0.293
a189|v189|p1.0|c21|ph4      1.048      0.954   0.114  0.141  0.142    14.129      91.747    4797  0.052  1.689 1.781  0.702  0.052        1.196     4       0.705       -0.192
a189|v252|p1.0|c21|ph4      0.842      0.751   0.114  0.150  0.150    13.869      76.637    4735 -0.444  2.014 1.717  0.228 -0.444        0.972     3       0.650       -0.229
a189|v315|p1.0|c21|ph4      1.276      1.182   0.112  0.117  0.119    14.054     109.312    4957  1.147  1.967 1.835  0.055  0.055        1.491     4       0.607        0.002
a189|v378|p1.0|c21|ph4      1.135      1.044   0.111  0.122  0.123    13.514     101.136    4664  0.697  1.783 1.676  0.293  0.293        1.186     4       0.644       -0.103
a189|v441|p1.0|c21|ph4      0.787      0.698   0.111  0.145  0.146    13.205      74.293    4333 -0.448  1.717 1.762  0.183 -0.448        0.950     3       0.413       -0.025
a189|v504|p1.0|c21|ph4      0.623      0.537   0.114  0.143  0.145    13.041      61.724    4712 -0.691  1.795 1.452  0.040 -0.691        0.746     3       0.482       -0.163
a252|v189|p1.0|c21|ph4      0.706      0.620   0.114  0.139  0.140    13.215      68.554    4497 -0.646  1.254 1.525  0.743 -0.646        0.998     3       0.632       -0.274
a252|v252|p1.0|c21|ph4      0.672      0.587   0.115  0.139  0.140    12.968      66.897    4832 -0.630  1.530 1.466  0.417 -0.630        0.941     3       0.606       -0.262
a252|v315|p1.0|c21|ph4      1.000      0.914   0.113  0.139  0.141    12.909      94.914    4936  0.651  1.671 1.363  0.219  0.219        1.007     4       0.572       -0.087
a252|v378|p1.0|c21|ph4      0.963      0.880   0.113  0.141  0.142    12.452      94.839    4590  0.168  1.574 1.266  0.744  0.168        1.005     4       0.624       -0.157
a252|v441|p1.0|c21|ph4      0.577      0.496   0.113  0.171  0.173    12.107      61.465    4417 -0.961  1.580 1.282  0.458 -0.961        0.870     3       0.437       -0.142
a252|v504|p1.0|c21|ph4      0.402      0.323   0.116  0.191  0.193    12.094      45.960    4777 -1.070  1.542 1.081  0.155 -1.070        0.618     3       0.465       -0.245
a315|v189|p1.0|c21|ph4      0.786      0.709   0.116  0.181  0.190    12.066      83.175    4256  0.887 -0.950 2.161  0.892 -0.950        0.889     3       0.641       -0.243
a315|v252|p1.0|c21|ph4      0.651      0.576   0.118  0.190  0.198    11.830      72.141    4340  0.609 -0.711 2.055  0.607 -0.711        0.608     3       0.617       -0.279
a315|v315|p1.0|c21|ph4      0.520      0.445   0.117  0.189  0.197    11.717      59.180    4414  0.585 -0.746 2.093  0.157 -0.746        0.371     3       0.556       -0.281
a315|v378|p1.0|c21|ph4      0.409      0.337   0.117  0.204  0.210    11.204      50.051    4277  0.143 -0.683 1.826  0.353 -0.683        0.248     3       0.601       -0.379
a315|v441|p1.0|c21|ph4      0.105      0.035   0.116  0.224  0.230    10.816      18.751    4132 -0.695 -0.726 1.825  0.145 -0.726       -0.275     2       0.375       -0.295
a315|v504|p1.0|c21|ph4     -0.054     -0.124   0.117  0.246  0.253    10.799       1.369    4447 -1.143 -0.761 1.782  0.093 -1.143       -0.334     2       0.395       -0.389
a378|v189|p1.0|c21|ph4      0.536      0.465   0.115  0.174  0.183    11.034      63.591    3848  0.439 -0.638 1.730  0.553 -0.638        0.496     3       0.486       -0.208
a378|v252|p1.0|c21|ph4      0.499      0.430   0.116  0.166  0.169    10.704      61.621    3890  0.373 -0.222 1.683  0.158 -0.222        0.266     3       0.492       -0.231
a378|v315|p1.0|c21|ph4      0.350      0.282   0.117  0.177  0.180    10.583      46.007    3954  0.169 -0.187 1.623 -0.139 -0.187        0.015     2       0.464       -0.271
a378|v378|p1.0|c21|ph4      0.443      0.378   0.117  0.170  0.172    10.242      57.930    3965  0.186 -0.091 1.642  0.088 -0.091        0.137     3       0.478       -0.243
a378|v441|p1.0|c21|ph4      0.175      0.111   0.116  0.202  0.205     9.872      28.022    3747 -0.681 -0.095 1.506  0.088 -0.681       -0.004     2       0.305       -0.196
a378|v504|p1.0|c21|ph4      0.149      0.086   0.119  0.210  0.214    10.034      24.699    4214 -1.110  0.161 1.841  0.030 -1.110        0.095     3       0.322       -0.224

===== phase (105) =====
                 config  sharpe_1x  sharpe_2x  vol_1x  dd_1x  dd_2x  turnover  gross_edge  trades     F1    F2    F3    F4  worst  median_fold  npos  long_gross  short_gross
 a252|v378|p0.6|c21|ph0      0.995      0.918   0.114  0.152  0.153    11.743     104.531    4976  0.130 1.036 1.435 1.271  0.130        1.153     4       0.720       -0.234
 a252|v378|p0.6|c21|ph1      0.910      0.829   0.114  0.153  0.155    12.276      91.992    4918  0.049 0.986 1.147 1.263  0.049        1.066     4       0.689       -0.242
 a252|v378|p0.6|c21|ph2      1.003      0.925   0.112  0.138  0.140    11.795     103.484    5147  0.150 1.250 1.235 1.197  0.150        1.216     4       0.741       -0.257
 a252|v378|p0.6|c21|ph3      1.081      1.005   0.113  0.118  0.119    11.589     113.249    5095  0.592 1.521 0.982 1.014  0.592        0.998     4       0.730       -0.210
 a252|v378|p0.6|c21|ph4      0.990      0.907   0.111  0.130  0.132    12.295      97.162    5335  0.306 1.438 1.022 0.981  0.306        1.001     4       0.665       -0.192
 a252|v378|p0.6|c21|ph5      0.999      0.921   0.113  0.113  0.114    11.841     103.014    5361  0.775 1.642 0.668 0.651  0.651        0.721     4       0.689       -0.206
 a252|v378|p0.6|c21|ph6      0.862      0.787   0.115  0.128  0.130    11.459      93.954    5016  0.343 1.531 0.383 0.905  0.343        0.644     4       0.631       -0.205
 a252|v378|p0.6|c21|ph7      1.087      1.012   0.115  0.111  0.113    11.486     116.392    5157  0.908 1.473 0.624 1.039  0.624        0.974     4       0.693       -0.164
 a252|v378|p0.6|c21|ph8      1.013      0.940   0.115  0.113  0.115    11.212     111.624    4822  0.477 1.400 0.698 1.224  0.477        0.961     4       0.694       -0.198
 a252|v378|p0.6|c21|ph9      0.998      0.923   0.116  0.130  0.131    11.418     108.116    4815  0.169 1.097 0.782 1.657  0.169        0.940     4       0.736       -0.247
a252|v378|p0.6|c21|ph10      0.774      0.700   0.116  0.131  0.132    11.383      85.802    5052  0.343 0.709 0.579 1.185  0.343        0.644     4       0.686       -0.299
a252|v378|p0.6|c21|ph11      0.806      0.730   0.117  0.168  0.169    11.661      88.046    5467  0.125 1.062 0.637 1.186  0.125        0.849     4       0.688       -0.281
a252|v378|p0.6|c21|ph12      0.765      0.687   0.118  0.176  0.178    12.090      81.488    5592 -0.183 0.955 0.776 1.328 -0.183        0.865     3       0.703       -0.313
a252|v378|p0.6|c21|ph13      0.769      0.693   0.118  0.178  0.180    11.807      83.646    5267 -0.313 1.135 1.147 1.078 -0.313        1.106     3       0.694       -0.303
a252|v378|p0.6|c21|ph14      0.890      0.812   0.119  0.174  0.176    12.298      93.147    5390 -0.119 1.181 1.056 1.354 -0.119        1.119     3       0.699       -0.246
a252|v378|p0.6|c21|ph15      0.804      0.722   0.118  0.160  0.163    12.807      81.106    5547 -0.287 0.878 0.697 1.699 -0.287        0.788     3       0.685       -0.274
a252|v378|p0.6|c21|ph16      0.862      0.782   0.116  0.163  0.165    12.296      88.163    4790 -0.172 0.993 0.900 1.596 -0.172        0.947     3       0.773       -0.344
a252|v378|p0.6|c21|ph17      0.743      0.669   0.117  0.192  0.194    11.506      82.892    4776 -0.366 1.371 0.545 1.314 -0.366        0.929     3       0.743       -0.366
a252|v378|p0.6|c21|ph18      0.679      0.606   0.114  0.198  0.200    11.172      76.360    4490 -0.640 1.527 0.515 1.290 -0.640        0.903     3       0.656       -0.318
a252|v378|p0.6|c21|ph19      0.651      0.576   0.113  0.186  0.188    11.203      72.969    4517 -0.652 1.367 0.556 1.296 -0.652        0.926     3       0.663       -0.339
a252|v378|p0.6|c21|ph20      0.713      0.636   0.111  0.152  0.154    11.414      77.105    4740 -0.390 1.090 0.916 1.083 -0.390        1.000     3       0.633       -0.285
 a252|v378|p0.8|c21|ph0      0.981      0.904   0.115  0.155  0.157    11.908     102.480    4764  0.105 1.134 1.492 1.145  0.105        1.139     4       0.697       -0.214
 a252|v378|p0.8|c21|ph1      0.874      0.793   0.114  0.154  0.156    12.443      88.081    4722  0.002 1.009 1.247 1.101  0.002        1.055     4       0.661       -0.227
 a252|v378|p0.8|c21|ph2      1.002      0.923   0.114  0.142  0.143    11.952     102.975    4837  0.068 1.340 1.326 1.148  0.068        1.237     4       0.725       -0.237
 a252|v378|p0.8|c21|ph3      1.115      1.038   0.114  0.124  0.125    11.748     115.893    4698  0.571 1.648 1.095 0.973  0.571        1.034     4       0.729       -0.190
 a252|v378|p0.8|c21|ph4      0.981      0.898   0.112  0.136  0.137    12.402      96.187    5173  0.238 1.523 1.147 0.857  0.238        1.002     4       0.644       -0.172
 a252|v378|p0.8|c21|ph5      1.056      0.977   0.114  0.118  0.120    11.971     107.952    5027  0.764 1.788 0.784 0.652  0.652        0.774     4       0.684       -0.173
 a252|v378|p0.8|c21|ph6      0.932      0.857   0.115  0.132  0.134    11.596     100.241    4576  0.371 1.626 0.527 0.938  0.371        0.733     4       0.629       -0.169
 a252|v378|p0.8|c21|ph7      1.144      1.069   0.116  0.115  0.117    11.632     121.564    4580  0.922 1.595 0.754 1.030  0.754        0.976     4       0.696       -0.136
 a252|v378|p0.8|c21|ph8      1.078      1.004   0.116  0.116  0.117    11.378     117.234    4543  0.479 1.554 0.868 1.199  0.479        1.034     4       0.689       -0.161
 a252|v378|p0.8|c21|ph9      1.043      0.968   0.116  0.126  0.128    11.590     111.552    4582  0.229 1.291 0.777 1.592  0.229        1.034     4       0.723       -0.211
a252|v378|p0.8|c21|ph10      0.829      0.753   0.116  0.129  0.131    11.589      90.269    4731  0.378 0.910 0.629 1.131  0.378        0.770     4       0.680       -0.266
a252|v378|p0.8|c21|ph11      0.839      0.764   0.118  0.165  0.167    11.762      91.215    4898  0.205 1.156 0.643 1.134  0.205        0.888     4       0.672       -0.247
a252|v378|p0.8|c21|ph12      0.805      0.727   0.119  0.167  0.170    12.240      85.129    5073 -0.092 1.108 0.775 1.245 -0.092        0.941     3       0.688       -0.275
a252|v378|p0.8|c21|ph13      0.788      0.712   0.119  0.176  0.179    11.943      85.197    4945 -0.294 1.210 1.168 1.052 -0.294        1.110     3       0.680       -0.277
a252|v378|p0.8|c21|ph14      0.941      0.863   0.120  0.171  0.173    12.442      97.918    5139 -0.007 1.239 1.162 1.307 -0.007        1.201     3       0.691       -0.208
a252|v378|p0.8|c21|ph15      0.793      0.710   0.119  0.163  0.166    13.024      79.400    5450 -0.315 0.881 0.710 1.665 -0.315        0.796     3       0.664       -0.255
a252|v378|p0.8|c21|ph16      0.917      0.836   0.116  0.161  0.164    12.415      92.887    4543 -0.125 1.098 1.087 1.521 -0.125        1.092     3       0.757       -0.300
a252|v378|p0.8|c21|ph17      0.781      0.706   0.118  0.192  0.195    11.630      86.168    4541 -0.334 1.367 0.682 1.314 -0.334        0.998     3       0.724       -0.327
a252|v378|p0.8|c21|ph18      0.713      0.639   0.114  0.196  0.198    11.291      79.327    4327 -0.612 1.523 0.643 1.282 -0.612        0.962     3       0.646       -0.292
a252|v378|p0.8|c21|ph19      0.673      0.597   0.113  0.185  0.187    11.360      74.521    4342 -0.622 1.415 0.661 1.222 -0.622        0.941     3       0.654       -0.319
a252|v378|p0.8|c21|ph20      0.700      0.622   0.112  0.157  0.159    11.604      75.068    4482 -0.456 1.170 1.020 0.971 -0.456        0.996     3       0.610       -0.265
 a252|v378|p1.0|c21|ph0      0.958      0.881   0.116  0.159  0.161    12.001     100.027    4409  0.056 1.207 1.555 1.028  0.056        1.117     4       0.672       -0.197
 a252|v378|p1.0|c21|ph1      0.835      0.753   0.115  0.156  0.158    12.560      84.183    4346 -0.057 1.026 1.340 0.954 -0.057        0.990     3       0.635       -0.216
 a252|v378|p1.0|c21|ph2      0.996      0.917   0.114  0.146  0.147    12.042     102.461    4355 -0.007 1.402 1.409 1.109 -0.007        1.256     3       0.709       -0.221
 a252|v378|p1.0|c21|ph3      1.141      1.063   0.115  0.129  0.131    11.843     118.215    4305  0.540 1.746 1.210 0.937  0.540        1.074     4       0.730       -0.175
 a252|v378|p1.0|c21|ph4      0.963      0.880   0.113  0.141  0.142    12.452      94.839    4590  0.168 1.574 1.266 0.744  0.168        1.005     4       0.624       -0.157
 a252|v378|p1.0|c21|ph5      1.092      1.014   0.114  0.123  0.125    12.029     111.524    4390  0.734 1.886 0.900 0.645  0.645        0.817     4       0.678       -0.147
 a252|v378|p1.0|c21|ph6      0.991      0.915   0.116  0.136  0.137    11.676     105.831    4234  0.389 1.700 0.666 0.965  0.389        0.815     4       0.628       -0.138
 a252|v378|p1.0|c21|ph7      1.183      1.108   0.117  0.121  0.123    11.750     124.951    4291  0.906 1.684 0.873 1.023  0.873        0.965     4       0.695       -0.114
 a252|v378|p1.0|c21|ph8      1.121      1.047   0.117  0.118  0.120    11.526     120.794    4310  0.462 1.665 1.010 1.177  0.462        1.093     4       0.684       -0.133
 a252|v378|p1.0|c21|ph9      1.074      0.998   0.116  0.124  0.126    11.733     113.827    4430  0.269 1.430 0.788 1.535  0.269        1.109     4       0.712       -0.184
a252|v378|p1.0|c21|ph10      0.859      0.783   0.117  0.130  0.132    11.759      92.468    4567  0.387 1.039 0.674 1.083  0.387        0.857     4       0.675       -0.244
a252|v378|p1.0|c21|ph11      0.860      0.785   0.119  0.164  0.166    11.865      93.165    4648  0.259 1.225 0.647 1.089  0.259        0.868     4       0.660       -0.222
a252|v378|p1.0|c21|ph12      0.832      0.754   0.120  0.162  0.164    12.386      87.432    4723 -0.029 1.213 0.783 1.180 -0.029        0.981     3       0.675       -0.246
a252|v378|p1.0|c21|ph13      0.794      0.718   0.119  0.175  0.177    12.050      85.600    4563 -0.282 1.251 1.171 1.026 -0.282        1.098     3       0.667       -0.259
a252|v378|p1.0|c21|ph14      0.968      0.890   0.122  0.170  0.172    12.578     100.353    5001  0.067 1.263 1.239 1.257  0.067        1.248     4       0.681       -0.181
a252|v378|p1.0|c21|ph15      0.779      0.695   0.120  0.165  0.168    13.215      77.601    5223 -0.336 0.867 0.722 1.629 -0.336        0.794     3       0.648       -0.242
a252|v378|p1.0|c21|ph16      0.954      0.873   0.117  0.160  0.162    12.515      96.104    4438 -0.084 1.162 1.247 1.445 -0.084        1.204     3       0.742       -0.266
a252|v378|p1.0|c21|ph17      0.808      0.733   0.118  0.190  0.193    11.739      88.382    4343 -0.302 1.349 0.799 1.304 -0.302        1.052     3       0.708       -0.297
a252|v378|p1.0|c21|ph18      0.734      0.659   0.114  0.196  0.198    11.383      81.128    4158 -0.588 1.508 0.750 1.261 -0.588        1.005     3       0.636       -0.270
a252|v378|p1.0|c21|ph19      0.682      0.607   0.114  0.190  0.191    11.473      75.223    4139 -0.605 1.450 0.750 1.150 -0.605        0.950     3       0.643       -0.302
a252|v378|p1.0|c21|ph20      0.680      0.602   0.112  0.162  0.164    11.747      72.689    4165 -0.527 1.238 1.108 0.866 -0.527        0.987     3       0.589       -0.251
 a252|v378|p1.3|c21|ph0      0.914      0.837   0.117  0.166  0.168    12.108      95.534    3951 -0.052 1.279 1.661 0.870 -0.052        1.075     3       0.632       -0.174
 a252|v378|p1.3|c21|ph1      0.779      0.697   0.116  0.160  0.162    12.697      78.788    3897 -0.150 1.041 1.470 0.764 -0.150        0.903     3       0.598       -0.202
 a252|v378|p1.3|c21|ph2      0.984      0.905   0.116  0.154  0.155    12.154     101.345    4008 -0.110 1.458 1.518 1.070 -0.110        1.264     3       0.684       -0.196
 a252|v378|p1.3|c21|ph3      1.167      1.090   0.116  0.136  0.138    11.959     120.748    3959  0.475 1.851 1.377 0.900  0.475        1.139     4       0.724       -0.153
 a252|v378|p1.3|c21|ph4      0.934      0.852   0.114  0.148  0.150    12.517      92.655    4055  0.068 1.606 1.423 0.619  0.068        1.021     4       0.597       -0.138
 a252|v378|p1.3|c21|ph5      1.126      1.047   0.115  0.133  0.134    12.137     114.741    4094  0.674 1.972 1.063 0.633  0.633        0.868     4       0.668       -0.117
 a252|v378|p1.3|c21|ph6      1.059      0.984   0.117  0.142  0.144    11.776     112.538    4130  0.407 1.781 0.857 0.991  0.407        0.924     4       0.628       -0.103
 a252|v378|p1.3|c21|ph7      1.223      1.147   0.118  0.131  0.133    11.883     128.475    4047  0.866 1.773 1.033 1.017  0.866        1.025     4       0.691       -0.087
 a252|v378|p1.3|c21|ph8      1.164      1.090   0.117  0.122  0.123    11.682     124.460    4197  0.430 1.778 1.168 1.159  0.430        1.163     4       0.679       -0.104
 a252|v378|p1.3|c21|ph9      1.105      1.029   0.117  0.123  0.125    11.899     116.017    4355  0.309 1.568 0.814 1.468  0.309        1.141     4       0.703       -0.156
a252|v378|p1.3|c21|ph10      0.875      0.798   0.118  0.132  0.134    11.949      93.368    4406  0.372 1.143 0.730 1.025  0.372        0.878     4       0.665       -0.223
a252|v378|p1.3|c21|ph11      0.878      0.803   0.120  0.163  0.165    11.994      94.894    4481  0.309 1.294 0.654 1.039  0.309        0.847     4       0.648       -0.198
a252|v378|p1.3|c21|ph12      0.856      0.778   0.121  0.160  0.161    12.564      89.409    4400  0.027 1.310 0.793 1.114  0.027        0.954     4       0.658       -0.213
a252|v378|p1.3|c21|ph13      0.790      0.713   0.120  0.174  0.177    12.185      84.952    4337 -0.274 1.275 1.156 0.994 -0.274        1.075     3       0.650       -0.241
a252|v378|p1.3|c21|ph14      0.986      0.908   0.123  0.168  0.170    12.721     101.931    4460  0.138 1.257 1.313 1.196  0.138        1.227     4       0.673       -0.159
a252|v378|p1.3|c21|ph15      0.758      0.674   0.121  0.168  0.170    13.395      75.372    4713 -0.363 0.828 0.744 1.583 -0.363        0.786     3       0.631       -0.232
a252|v378|p1.3|c21|ph16      0.987      0.906   0.118  0.161  0.163    12.636      98.997    4312 -0.040 1.210 1.438 1.341 -0.040        1.275     3       0.723       -0.228
a252|v378|p1.3|c21|ph17      0.833      0.757   0.119  0.188  0.190    11.859      90.405    4173 -0.255 1.308 0.946 1.276 -0.255        1.111     3       0.685       -0.261
a252|v378|p1.3|c21|ph18      0.747      0.672   0.116  0.195  0.197    11.497      82.422    4032 -0.555 1.470 0.885 1.212 -0.555        1.048     3       0.620       -0.245
a252|v378|p1.3|c21|ph19      0.686      0.610   0.115  0.197  0.199    11.611      75.542    3996 -0.593 1.487 0.866 1.053 -0.593        0.960     3       0.627       -0.280
a252|v378|p1.3|c21|ph20      0.646      0.567   0.113  0.170  0.172    11.935      69.035    3998 -0.629 1.322 1.206 0.733 -0.629        0.970     3       0.560       -0.234
 a252|v378|p1.6|c21|ph0      0.867      0.790   0.117  0.173  0.174    12.194      90.892    3768 -0.161 1.319 1.752 0.738 -0.161        1.028     3       0.595       -0.156
 a252|v378|p1.6|c21|ph1      0.728      0.646   0.117  0.165  0.166    12.801      74.030    3703 -0.236 1.044 1.580 0.606 -0.236        0.825     3       0.564       -0.189
 a252|v378|p1.6|c21|ph2      0.962      0.883   0.117  0.162  0.163    12.255      99.353    3828 -0.207 1.477 1.596 1.041 -0.207        1.259     3       0.657       -0.175
 a252|v378|p1.6|c21|ph3      1.182      1.105   0.117  0.144  0.146    12.063     122.232    3691  0.408 1.920 1.514 0.876  0.408        1.195     4       0.718       -0.134
 a252|v378|p1.6|c21|ph4      0.904      0.823   0.115  0.158  0.159    12.593      90.397    3892 -0.016 1.604 1.549 0.529 -0.016        1.039     3       0.572       -0.121
 a252|v378|p1.6|c21|ph5      1.146      1.068   0.117  0.141  0.142    12.229     116.904    3841  0.622 2.014 1.200 0.622  0.622        0.911     4       0.657       -0.091
 a252|v378|p1.6|c21|ph6      1.110      1.035   0.118  0.148  0.149    11.826     117.989    3842  0.409 1.835 1.012 1.017  0.409        1.014     4       0.625       -0.073
 a252|v378|p1.6|c21|ph7      1.244      1.169   0.118  0.140  0.142    11.964     130.632    3802  0.804 1.821 1.157 1.026  0.804        1.092     4       0.682       -0.064
 a252|v378|p1.6|c21|ph8      1.188      1.114   0.118  0.125  0.127    11.757     126.898    3962  0.384 1.845 1.271 1.160  0.384        1.215     4       0.673       -0.082
 a252|v378|p1.6|c21|ph9      1.126      1.049   0.118  0.123  0.125    11.991     117.883    4035  0.334 1.648 0.847 1.426  0.334        1.137     4       0.696       -0.136
a252|v378|p1.6|c21|ph10      0.874      0.797   0.119  0.138  0.140    12.094      92.892    4302  0.354 1.176 0.772 0.980  0.354        0.876     4       0.655       -0.210
a252|v378|p1.6|c21|ph11      0.887      0.811   0.121  0.163  0.165    12.078      95.864    4143  0.339 1.332 0.651 1.010  0.339        0.830     4       0.641       -0.182
a252|v378|p1.6|c21|ph12      0.867      0.789   0.122  0.159  0.161    12.692      90.344    4181  0.058 1.365 0.795 1.076  0.058        0.935     4       0.644       -0.191
a252|v378|p1.6|c21|ph13      0.778      0.701   0.121  0.174  0.177    12.292      83.641    4140 -0.270 1.275 1.128 0.965 -0.270        1.046     3       0.635       -0.228
a252|v378|p1.6|c21|ph14      0.983      0.905   0.124  0.168  0.171    12.824     101.729    4276  0.181 1.227 1.353 1.139  0.181        1.183     4       0.666       -0.150
a252|v378|p1.6|c21|ph15      0.737      0.653   0.122  0.169  0.171    13.514      73.375    4484 -0.386 0.779 0.762 1.544 -0.386        0.771     3       0.619       -0.227
a252|v378|p1.6|c21|ph16      1.002      0.920   0.119  0.163  0.164    12.726     100.370    4119 -0.005 1.225 1.579 1.242 -0.005        1.234     3       0.709       -0.203
a252|v378|p1.6|c21|ph17      0.844      0.769   0.119  0.187  0.189    11.959      91.402    4094 -0.210 1.259 1.066 1.237 -0.210        1.152     3       0.666       -0.233
a252|v378|p1.6|c21|ph18      0.749      0.674   0.117  0.196  0.197    11.597      82.717    3974 -0.522 1.423 0.987 1.157 -0.522        1.072     3       0.607       -0.227
a252|v378|p1.6|c21|ph19      0.680      0.605   0.117  0.205  0.206    11.706      75.321    3920 -0.592 1.509 0.956 0.972 -0.592        0.964     3       0.612       -0.263
a252|v378|p1.6|c21|ph20      0.610      0.531   0.115  0.178  0.179    12.080      65.505    3926 -0.721 1.388 1.269 0.623 -0.721        0.946     3       0.534       -0.221

===== cadence (51) =====
                 config  sharpe_1x  sharpe_2x  vol_1x  dd_1x  dd_2x  turnover  gross_edge  trades     F1     F2     F3    F4  worst  median_fold  npos  long_gross  short_gross
  a252|v378|p1.0|c3|ph0      0.592      0.334   0.108  0.125  0.132    36.911      24.731   23939 -0.067  0.760  0.288 0.403 -0.067        0.345     3       0.642       -0.280
  a252|v378|p1.0|c3|ph1      0.712      0.438   0.105  0.146  0.151    38.484      27.002   24143 -0.340  0.867  1.039 0.381 -0.340        0.624     3       0.584       -0.172
  a252|v378|p1.0|c3|ph2      0.836      0.595   0.106  0.122  0.127    33.999      33.534   24346 -0.106  1.136  1.185 0.362 -0.106        0.749     3       0.624       -0.172
  a252|v378|p1.0|c6|ph0      0.604      0.425   0.111  0.134  0.145    26.519      32.751   12611 -0.009  0.845  0.458 0.471 -0.009        0.465     3       0.646       -0.303
  a252|v378|p1.0|c6|ph1      0.807      0.618   0.109  0.119  0.123    27.228      39.609   12598 -0.060  1.010  1.334 0.441 -0.060        0.726     3       0.643       -0.216
  a252|v378|p1.0|c6|ph2      1.056      0.879   0.108  0.124  0.127    25.228      52.498   12710  0.290  1.276  1.321 0.821  0.290        1.049     4       0.651       -0.126
  a252|v378|p1.0|c6|ph3      0.946      0.761   0.108  0.135  0.138    26.558      45.846   12616  0.124  1.079  1.077 0.910  0.124        0.994     4       0.626       -0.144
  a252|v378|p1.0|c6|ph4      1.033      0.847   0.107  0.132  0.135    26.595      49.198   12712  0.288  1.205  1.117 0.906  0.288        1.011     4       0.622       -0.104
  a252|v378|p1.0|c6|ph5      0.786      0.613   0.109  0.133  0.136    24.983      41.653   12746 -0.174  1.311  1.059 0.462 -0.174        0.761     3       0.604       -0.192
  a252|v378|p1.0|c9|ph0      0.896      0.756   0.112  0.149  0.152    20.992      55.259    8568 -0.075  1.197  0.951 1.116 -0.075        1.034     3       0.659       -0.200
  a252|v378|p1.0|c9|ph1      0.925      0.778   0.111  0.139  0.141    21.786      54.562    9033  0.067  0.901  1.231 1.084  0.067        0.993     4       0.647       -0.176
  a252|v378|p1.0|c9|ph2      1.005      0.867   0.111  0.125  0.128    20.366      62.057    8903  0.293  1.034  1.225 1.055  0.293        1.044     4       0.720       -0.219
  a252|v378|p1.0|c9|ph3      0.905      0.762   0.113  0.142  0.150    21.289      55.290    9040  0.489  0.832  0.965 0.822  0.489        0.827     4       0.651       -0.185
  a252|v378|p1.0|c9|ph4      0.939      0.789   0.110  0.148  0.150    21.622      55.108    8854  0.342  1.184  1.135 0.649  0.342        0.892     4       0.662       -0.190
  a252|v378|p1.0|c9|ph5      0.973      0.829   0.109  0.123  0.126    20.818      58.392    8938  0.395  1.349  1.287 0.472  0.395        0.880     4       0.607       -0.126
  a252|v378|p1.0|c9|ph6      0.775      0.627   0.109  0.135  0.138    21.591      46.735    8761 -0.047  1.091  1.059 0.587 -0.047        0.823     3       0.602       -0.203
  a252|v378|p1.0|c9|ph7      0.925      0.776   0.108  0.108  0.111    21.512      54.140    8672  0.182  1.023  1.253 0.829  0.182        0.926     4       0.599       -0.138
  a252|v378|p1.0|c9|ph8      0.873      0.733   0.110  0.137  0.140    20.436      54.400    8812 -0.190  1.651  0.938 0.733 -0.190        0.836     3       0.613       -0.172
 a252|v378|p1.0|c12|ph0      0.962      0.838   0.110  0.106  0.108    18.025      66.248    7198  0.302  1.381  1.000 0.790  0.302        0.895     4       0.670       -0.197
 a252|v378|p1.0|c12|ph1      0.933      0.808   0.109  0.113  0.116    18.135      63.725    7001  0.307  1.388  0.932 0.716  0.307        0.824     4       0.608       -0.151
 a252|v378|p1.0|c12|ph2      1.029      0.911   0.110  0.122  0.125    17.255      73.160    6825  0.453  1.117  0.969 1.163  0.453        1.043     4       0.671       -0.172
 a252|v378|p1.0|c12|ph3      1.110      0.988   0.109  0.117  0.119    17.788      75.507    6687  0.386  1.027  1.295 1.337  0.386        1.161     4       0.628       -0.096
 a252|v378|p1.0|c12|ph4      1.049      0.925   0.108  0.144  0.146    17.937      70.872    6937  0.192  0.887  1.419 1.320  0.192        1.104     4       0.646       -0.143
 a252|v378|p1.0|c12|ph5      1.029      0.915   0.112  0.157  0.160    17.117      74.941    6986 -0.150  1.480  1.639 1.023 -0.150        1.252     3       0.689       -0.181
 a252|v378|p1.0|c12|ph6      0.795      0.680   0.117  0.159  0.162    17.808      59.228    6774 -0.076  0.988  1.057 0.919 -0.076        0.953     3       0.694       -0.277
 a252|v378|p1.0|c12|ph7      0.965      0.845   0.114  0.140  0.142    18.057      68.033    6794  0.110  1.263  1.730 0.628  0.110        0.945     4       0.712       -0.226
 a252|v378|p1.0|c12|ph8      1.073      0.957   0.113  0.140  0.142    17.397      77.099    7022  0.404  1.713  0.965 0.912  0.404        0.939     4       0.669       -0.138
 a252|v378|p1.0|c12|ph9      0.999      0.881   0.114  0.151  0.153    17.805      71.278    6923  0.318  1.452  0.935 0.981  0.318        0.958     4       0.659       -0.157
a252|v378|p1.0|c12|ph10      1.096      0.979   0.114  0.133  0.136    17.762      77.469    6798  0.694  1.381  0.818 1.088  0.694        0.953     4       0.675       -0.131
a252|v378|p1.0|c12|ph11      0.915      0.798   0.111  0.115  0.117    17.407      66.001    6957  0.366  1.486  0.950 0.553  0.366        0.752     4       0.615       -0.160
 a252|v378|p1.0|c21|ph0      0.958      0.881   0.116  0.159  0.161    12.001     100.027    4409  0.056  1.207  1.555 1.028  0.056        1.117     4       0.672       -0.197
 a252|v378|p1.0|c21|ph3      1.141      1.063   0.115  0.129  0.131    11.843     118.215    4305  0.540  1.746  1.210 0.937  0.540        1.074     4       0.730       -0.175
 a252|v378|p1.0|c21|ph6      0.991      0.915   0.116  0.136  0.137    11.676     105.831    4234  0.389  1.700  0.666 0.965  0.389        0.815     4       0.628       -0.138
 a252|v378|p1.0|c21|ph9      1.074      0.998   0.116  0.124  0.126    11.733     113.827    4430  0.269  1.430  0.788 1.535  0.269        1.109     4       0.712       -0.184
a252|v378|p1.0|c21|ph12      0.832      0.754   0.120  0.162  0.164    12.386      87.432    4723 -0.029  1.213  0.783 1.180 -0.029        0.981     3       0.675       -0.246
a252|v378|p1.0|c21|ph15      0.779      0.695   0.120  0.165  0.168    13.215      77.601    5223 -0.336  0.867  0.722 1.629 -0.336        0.794     3       0.648       -0.242
a252|v378|p1.0|c21|ph18      0.734      0.659   0.114  0.196  0.198    11.383      81.128    4158 -0.588  1.508  0.750 1.261 -0.588        1.005     3       0.636       -0.270
 a252|v378|p1.0|c42|ph0      0.294      0.241   0.121  0.238  0.239     8.608      48.648    2478 -1.018  0.995  0.842 0.539 -1.018        0.690     3       0.600       -0.434
 a252|v378|p1.0|c42|ph6      0.477      0.425   0.121  0.157  0.159     8.400      75.727    2544 -0.208  0.965  0.369 0.626 -0.208        0.497     3       0.492       -0.241
a252|v378|p1.0|c42|ph12      0.403      0.350   0.126  0.242  0.245     8.893      63.937    2687 -0.891  1.384  0.659 0.604 -0.891        0.631     3       0.559       -0.334
a252|v378|p1.0|c42|ph18      0.522      0.472   0.127  0.260  0.262     8.308      86.930    2510 -1.032  1.352  0.606 1.413 -1.032        0.979     3       0.649       -0.363
a252|v378|p1.0|c42|ph24      0.885      0.836   0.125  0.193  0.194     8.346     140.368    2765  0.185  1.199  1.061 1.099  0.185        1.080     4       0.746       -0.282
a252|v378|p1.0|c42|ph30      0.715      0.663   0.123  0.182  0.184     8.562     110.040    3080 -0.204  0.524  0.716 1.742 -0.204        0.620     3       0.723       -0.350
a252|v378|p1.0|c42|ph36      0.385      0.329   0.122  0.224  0.226     8.973      59.320    3441 -0.477  0.041  0.246 1.589 -0.477        0.143     3       0.572       -0.362
 a252|v378|p1.0|c63|ph0      0.036     -0.004   0.127  0.270  0.274     6.768      14.135    2377 -0.869 -0.117  0.607 0.633 -0.869        0.245     2       0.523       -0.485
 a252|v378|p1.0|c63|ph9      0.150      0.111   0.131  0.220  0.221     6.801      35.873    2270 -0.631  0.284 -0.175 1.119 -0.631        0.054     2       0.403       -0.306
a252|v378|p1.0|c63|ph18     -0.038     -0.075   0.139  0.348  0.350     6.845      -1.563    2485 -1.496  0.428  0.414 1.208 -1.496        0.421     3       0.412       -0.416
a252|v378|p1.0|c63|ph27      0.622      0.581   0.127  0.146  0.146     6.917     121.880    2657  0.162  0.754  0.395 1.100  0.162        0.574     4       0.559       -0.225
a252|v378|p1.0|c63|ph36      0.943      0.900   0.130  0.141  0.141     7.341     173.263    2173  0.422  0.479  0.964 1.727  0.422        0.722     4       0.693       -0.189
a252|v378|p1.0|c63|ph45      0.642      0.600   0.125  0.228  0.230     7.026     121.518    2078 -0.768  1.039  1.030 1.358 -0.768        1.034     3       0.692       -0.354
a252|v378|p1.0|c63|ph54      0.246      0.205   0.133  0.298  0.300     7.142      51.973    1964 -1.283  1.150 -0.017 1.368 -1.283        0.567     2       0.698       -0.551
